4547
493405,2.49344e+06
-75.0533 1.67072 17.7089
-73.0515 5.67422 17.5197
-75.0533 5.67422 17.5941
-57.0375 -4.33453 11.8127
-61.041 -2.33278 12.9215
-59.0393 -6.33628 12.7787
-57.0375 -0.331026 11.2388
-67.0463 -2.33278 15.3329
-65.0445 -4.33453 15.0284
-65.0445 -2.33278 14.6463
-63.0428 -2.33278 13.7799
72.8523 9.45378 15.0361
71.0745 7.67597 14.2203
72.8523 7.67597 15.0781
49.0552 -10.3398 10.061
57.0622 -4.33453 9.95161
49.0552 -2.33278 10.1338
57.0622 -10.3398 9.97695
59.064 -6.33628 9.96401
59.064 -4.33453 10.1705
59.064 -8.33803 9.98176
-45.027 9.67772 10.3273
-33.0165 7.67597 10.1836
-33.0165 9.67772 10.2042
-45.027 7.67597 10.3205
63.0675 -0.331026 11.2147
63.0675 -4.33453 11.8525
65.0692 -0.331026 12.2384
67.071 -0.331026 13.0296
67.071 -4.33453 13.6254
-65.0445 1.67072 14.1556
-63.0428 5.67422 12.8838
-59.0393 1.67072 11.716
-67.0463 1.67072 15.0555
-67.0463 3.67247 14.7165
-69.048 1.67072 15.8742
-65.0445 7.67597 13.497
1.01324 -10.3398 10.1277
69.0727 -12.3415 10.0011
25.0342 -10.3398 10.0011
-71.0498 -0.331026 17.1027
-71.0498 -2.33278 17.3039
-69.048 -0.331026 16.2625
-67.0463 -0.331026 15.1774
63.0675 3.67247 10.5191
65.0692 5.67422 11.4412
63.0675 5.67422 10.1909
63.0675 7.67597 10.1077
67.071 3.67247 12.5076
65.0692 3.67247 11.6384
-71.0498 9.67772 16.266
-73.0515 7.67597 17.2425
-71.0498 7.67597 16.1667
-71.0498 5.67422 16.4192
-73.0515 9.67772 17.1655
-47.0288 -6.33628 10.2257
-39.0218 -10.3398 10.303
-47.0288 -4.33453 10.2458
-47.0288 -2.33278 10.2479
-53.034 -4.33453 10.3721
-55.0358 -2.33278 11.2632
-55.0358 -4.33453 10.9577
65.0692 9.67772 11.2213
67.071 7.67597 12.1776
67.071 9.67772 11.9954
-69.048 9.67772 15.1044
-63.0428 9.67772 12.5645
-61.041 7.67597 11.9615
-61.041 9.67772 11.9038
-63.0428 7.67597 12.8704
61.0657 -2.33278 10.7119
61.0657 -4.33453 11.1535
-73.0515 -0.331026 17.6607
-73.0515 1.67072 17.6265
71.0745 9.67772 13.9588
69.0727 7.67597 13.0008
-0.988509 5.67422 10.8336
1.01324 9.67772 10.2972
-2.99026 5.67422 10.2295
-23.0078 5.67422 10.2315
-2.99026 1.67072 10.1862
-0.988509 3.67247 10.201
-0.988509 1.67072 10.9622
1.01324 5.67422 10.2691
1.01324 3.67247 11.1515
3.01499 7.67597 10.2796
-71.0498 3.67247 16.7256
57.0622 -2.33278 9.97826
59.064 -2.33278 10.1779
61.0657 1.67072 9.9781
63.0675 1.67072 11.0482
-75.0533 7.67597 17.6034
72.8523 -4.55847 18.0059
71.0745 -6.33628 16.3892
72.8523 -6.33628 16.8159
65.0692 1.67072 11.9679
-55.0358 5.67422 10.8675
-57.0375 7.67597 11.928
-57.0375 5.67422 11.3539
-59.0393 5.67422 11.429
-67.0463 -10.3398 16.8632
-69.048 -8.33803 16.2661
-69.048 -10.3398 17.5227
-71.0498 -10.3398 17.7365
7.01849 3.67247 10.7674
5.01674 1.67072 10.1827
7.01849 1.67072 10.188
7.01849 -0.331026 10.1402
59.064 3.67247 9.99528
61.0657 3.67247 9.97856
61.0657 5.67422 9.99658
59.064 7.67597 10.0365
-57.0375 1.67072 11.3295
-55.0358 1.67072 11.517
11.022 3.67247 10.1236
9.02024 5.67422 10.2041
9.02024 3.67247 10.1403
72.8523 1.44678 16.3229
71.0745 -0.331026 19.2967
72.8523 -0.331026 17.8851
-69.048 -4.33453 16.6968
-53.034 -2.33278 10.6874
-51.0323 -2.33278 10.2002
63.0675 -8.33803 9.97399
65.0692 -8.33803 9.98337
63.0675 -6.33628 10.5654
67.071 -6.33628 14.0483
-71.0498 -4.33453 17.4987
-73.0515 -4.33453 17.5974
71.0745 -4.33453 16.9046
69.0727 -6.33628 15.1924
71.0745 -8.33803 16.6179
69.0727 -4.33453 14.891
-53.034 -0.331026 10.1727
71.0745 -12.3415 9.96878
69.0727 -10.3398 10.0045
71.0745 -10.3398 9.98987
-59.0393 7.67597 11.2603
-57.0375 -6.33628 11.9839
-57.0375 -8.33803 11.2099
-55.0358 -6.33628 11.2685
-53.034 -6.33628 10.973
-53.034 -8.33803 10.1932
-65.0445 -6.33628 15.8567
-65.0445 -8.33803 15.6892
-63.0428 -6.33628 14.2818
-59.0393 -8.33803 13.0253
-67.0463 -8.33803 15.4699
-73.0515 -12.3415 10.1716
-67.0463 -6.33628 16.1634
-0.988509 -0.331026 10.1822
-69.048 -6.33628 17.1581
3.01499 -0.331026 10.1712
3.01499 3.67247 10.1961
25.0342 5.67422 10.1787
1.01324 1.67072 10.1996
-51.0323 -6.33628 10.1498
61.0657 -6.33628 9.96336
61.0657 -0.331026 10.0122
5.01674 -6.33628 10.2154
7.01849 5.67422 10.8127
5.01674 5.67422 10.198
5.01674 3.67247 11.2657
-59.0393 9.67772 11.2868
-57.0375 9.67772 11.9861
63.0675 -10.3398 9.98326
-53.034 3.67247 10.2018
-55.0358 -0.331026 11.5254
-73.0515 -6.33628 16.0438
-71.0498 -8.33803 17.6059
-71.0498 -6.33628 17.6481
-73.0515 -8.33803 12.0539
-75.0533 -12.3415 10.1933
-73.0515 -10.3398 10.1921
-63.0428 -10.3398 14.9766
-61.041 -10.3398 13.0815
-59.0393 -10.3398 10.1992
67.071 -8.33803 12.1995
65.0692 -10.3398 10.9074
72.8523 -8.33803 15.327
-75.0533 -6.33628 10.2414
67.071 -10.3398 10.9055
-75.0533 -4.33453 10.259
-75.0533 -0.331026 13.9357
69.0727 -8.33803 12.7078
71.0745 1.67072 14.848
71.0745 3.67247 14.5258
69.0727 1.67072 13.6915
72.8523 3.67247 15.568
72.8523 -2.55672 19.764
71.0745 -2.33278 20.2597
72.8523 -2.10884 20.0316
-55.0358 -10.3398 10.1857
69.0727 -0.331026 18.6901
72.8523 3.44853 15.6041
72.8523 1.67072 15.8252
63.0675 9.67772 10.0607
39.0465 7.67597 10.0718
69.0727 -2.33278 19.9792
-25.0095 3.67247 10.1712
-55.0358 9.67772 10.1954
-53.034 7.67597 10.19
72.8523 5.45028 15.3488
-23.0078 -2.33278 10.1287
-27.0113 -6.33628 10.207
-47.0288 5.67422 10.294
57.0622 5.67422 10.0143
33.0412 5.67422 10.1598
41.0482 5.67422 10.1012
72.8523 9.67772 15.0069
45.0517 1.67072 10.1214
33.0412 -2.33278 10.0354
49.0552 5.67422 10.1842
55.0605 7.67597 10.148
72.8523 5.89816 15.3146
-35.0183 1.67072 10.2318
17.0272 -2.33278 10.069
-51.0323 1.67072 10.2336
72.8523 -8.11409 15.3014
72.8523 -2.55672 19.764
72.8523 -4.33453 18.0636
33.0412 -10.3398 10.0402
72.8523 -10.1158 12.3844
72.8523 -2.10884 20.0316
-75.0533 9.67772 17.6814
72.8523 -10.1158 12.3844
37.0447 -6.33628 10.1205
72.8523 -12.3415 11.9769
72.8523 -10.5637 11.6406
72.8523 -10.5637 11.6406
72.8523 -2.33278 20.1394
72.8523 -10.3398 11.6429
73.0762 9.67772 15.1389
72.8523 7.67597 15.0781
73.0762 7.67597 15.1861
73.0762 -4.33453 18.2096
72.8523 -4.55847 18.0059
73.0762 -6.33628 16.8696
73.0762 1.67072 15.9483
72.8523 1.44678 16.3229
73.0762 -0.331026 17.7072
72.8523 -8.33803 15.327
73.0762 -8.33803 15.1644
72.8523 -8.11409 15.3014
72.8523 -4.33453 18.0636
72.8523 1.67072 15.8252
73.0762 3.67247 15.6993
72.8523 3.67247 15.568
72.8523 3.44853 15.6041
72.8523 -2.55672 19.764
73.0762 -2.33278 20.1242
72.8523 -2.33278 20.1394
72.8523 -2.10884 20.0316
73.0762 5.67422 15.4524
72.8523 9.67772 15.0069
72.8523 9.45378 15.0361
72.8523 5.89816 15.3146
72.8523 -2.55672 19.764
72.8523 5.45028 15.3488
73.0762 -10.3398 11.8512
72.8523 -10.1158 12.3844
72.8523 -10.3398 11.6429
72.8523 -0.331026 17.8851
72.8523 -10.1158 12.3844
72.8523 -12.3415 11.9769
73.0762 -12.3415 12.2299
72.8523 -10.5637 11.6406
72.8523 -6.33628 16.8159
